Protein

Mean
Theory: 66.01629323961309
Simulation: 65.99609345421301
Variance
Theory: 293.89427019112657
Simulation: 293.3399631283328
Random Measurements:
Mean: 67.82887000040584
Variance: 298.22087475958205


Mrna

Mean
Theory: 16.483706760386895
Simulation: 16.48955012809039
Variance
Theory: 23.44244104953638
Simulation: 23.491440971374004
Random Measurements:
Mean: 17.39006965464646
Variance: 23.506293441279407
